973
305 460
176 141
681 593
546 587
689 790
528 51
163 16
39 71
806 68
586 155
936 597
503 441
370 779
973 40
928 726
747 86
782 972
41 39
262 616
168 591
253 545
28 264
25 171
660 29
558 609
814 970
160 962
172 316
691 390
581 912
574 26
133 1
161 292
838 842
468 226
859 886
805 475
679 943
12 3
152 127
472 202
843 292
73 192
396 66
706 654
107 258
168 178
1 46
455 152
57 531
28 257
218 32
79 917
909 811
340 188
3 6
395 492
305 89
420 590
160 42
552 178
339 60
78 405
589 838
351 601
645 93
168 550
234 108
201 523
454 99
462 81
140 66
733 929
10 1
873 329
186 173
418 409
329 401
93 744
224 17
754 258
618 338
709 393
758 79
225 215
207 353
259 515
824 426
610 294
307 303
86 77
69 147
199 429
464 51
3 802
16 15
331 624
434 592
713 357
866 144
354 235
135 456
38 914
238 159
291 549
259 81
389 125
537 857
54 230
320 607
393 368
337 502
19 158
202 170
27 4
633 336
221 95
221 378
469 520
268 44
463 290
525 542
766 748
80 209
413 362
689 168
105 841
274 696
318 450
74 3
608 327
743 229
504 631
274 939
441 192
649 500
581 292
720 267
742 751
137 288
28 32
785 39
11 91
331 178
102 175
153 871
134 748
391 619
167 147
30 495
913 304
155 206
421 540
877 124
151 43
736 923
142 111
386 887
484 347
45 130
349 792
140 944
140 189
2 96
278 10
358 120
763 876
491 87
524 724
553 483
729 493
134 116
132 81
10 408
435 675
819 524
860 872
816 112
337 763
950 560
196 291
882 861
212 656
208 204
497 98
416 532
24 937
327 485
174 568
170 367
390 361
43 23
270 289
580 368
282 599
153 248
158 255
368 244
275 311
801 783
175 273
926 428
477 127
8 11
405 480
505 404
406 311
50 4
63 102
74 87
364 342
65 119
8 38
846 370
783 828
648 397
288 329
270 285
611 60
421 949
578 225
126 686
113 91
678 110
566 643
312 263
33 135
366 131
451 615
76 198
99 31
657 284
119 593
951 943
183 67
296 504
258 687
722 414
922 779
643 701
879 634
39 29
707 356
49 242
867 340
797 690
575 272
274 176
381 310
94 266
294 370
310 840
785 898
122 35
343 332
38 51
627 345
509 868
594 496
455 761
72 9
321 956
304 771
60 48
773 247
693 425
541 890
8 845
141 834
326 727
32 69
82 812
301 294
885 853
570 168
250 164
604 246
495 579
26 398
874 969
109 319
902 307
56 566
847 606
213 188
858 194
1 3
355 320
526 290
101 108
659 941
41 279
359 825
644 875
705 105
58 263
702 199
54 55
28 67
149 91
295 122
447 377
641 512
166 439
80 16
29 3
34 14
798 789
190 103
32 321
710 615
57 79
614 583
387 323
946 914
129 157
57 508
817 478
210 94
964 319
837 193
130 482
571 426
91 228
315 676
581 661
350 323
598 477
205 65
519 839
374 76
531 880
409 496
740 285
123 452
296 191
186 602
522 461
141 639
749 709
127 119
544 863
629 719
406 664
45 276
98 745
391 298
449 8
77 14
110 64
351 377
103 46
283 255
359 102
733 765
927 232
674 429
386 47
473 141
663 505
430 105
269 958
317 697
636 591
361 303
493 157
642 690
406 680
554 418
461 808
684 491
712 674
46 63
348 246
358 853
155 227
716 485
695 368
436 81
721 670
961 123
486 13
34 251
98 423
136 15
105 35
114 131
965 325
901 665
411 385
74 88
626 769
2 1
204 327
718 273
309 258
338 56
699 609
658 310
74 235
104 68
752 484
179 117
925 5
90 220
73 407
255 410
543 106
384 617
726 701
18 392
738 658
308 403
25 10
562 402
741 321
265 160
514 870
150 48
16 101
333 708
710 757
70 124
226 129
414 915
182 194
161 160
781 291
66 3
253 43
343 892
136 239
170 50
283 800
5 2
141 855
694 400
4 569
830 559
188 156
682 55
671 212
243 698
12 56
818 681
395 204
650 422
281 9
146 104
11 26
660 756
53 14
178 907
14 271
168 169
88 422
404 813
39 174
935 519
920 581
390 573
81 40
380 323
33 83
208 267
325 560
562 632
793 252
247 226
669 49
726 783
957 261
65 197
659 297
212 110
426 354
777 563
23 5
709 859
333 23
256 437
638 549
192 231
918 682
820 427
435 652
728 232
432 272
42 58
850 557
557 86
49 17
83 286
971 289
82 52
233 509
948 804
202 244
349 679
791 502
384 180
375 158
299 444
250 435
210 897
725 304
406 688
42 223
402 52
673 371
376 371
25 40
165 332
480 799
577 496
342 96
21 78
490 959
516 223
189 293
19 13
232 730
583 7
337 200
786 815
811 266
216 900
117 20
132 714
8 14
606 579
106 32
324 942
155 774
771 883
87 128
271 622
247 851
539 737
931 920
732 92
335 110
10 17
739 144
934 729
298 291
26 252
45 44
101 438
442 453
228 233
603 524
524 315
533 285
12 37
299 148
4 2
753 166
854 174
256 425
469 954
487 123
775 649
703 844
249 128
137 22
33 36
68 39
711 219
73 308
388 167
439 471
518 595
181 1
100 814
564 827
6 42
963 744
31 794
73 76
4 21
90 536
246 223
49 930
204 49
277 529
203 14
501 75
78 156
114 23
123 780
414 544
182 755
736 717
18 10
746 262
940 654
768 480
120 40
346 89
383 286
502 784
363 356
242 428
129 73
30 23
229 25
639 735
25 446
634 21
764 429
150 349
8 431
903 786
494 513
326 320
212 630
30 98
284 172
315 216
87 427
419 102
243 157
731 686
284 539
932 792
302 525
206 400
869 336
453 723
565 184
628 391
12 434
121 322
298 443
195 517
152 177
238 261
97 159
184 28
733 551
24 21
180 168
417 61
33 48
511 253
118 191
61 466
360 247
106 118
257 605
359 494
829 274
53 64
597 103
254 228
26 397
864 397
383 803
952 27
8 4
100 538
39 324
201 457
212 715
807 731
96 232
164 476
145 118
165 96
143 53
85 196
627 704
832 699
193 420
409 158
492 895
893 688
378 394
49 655
261 555
546 86
670 202
772 557
967 842
9 172
318 303
40 884
541 55
367 576
200 100
745 831
168 770
323 250
510 304
15 5
118 612
567 100
535 260
345 179
142 294
530 177
216 162
119 588
325 833
446 551
138 878
218 692
623 184
412 68
31 5
305 498
856 347
13 5
68 121
313 64
537 16
7 22
564 437
13 835
479 182
317 147
34 499
683 889
742 852
899 850
62 512
488 953
54 7
724 795
382 103
947 399
195 8
651 222
960 639
787 769
90 78
155 64
471 584
4 7
442 398
14 52
629 396
84 514
371 742
506 383
467 371
558 13
215 4
919 795
130 141
320 117
199 168
144 132
297 459
955 192
404 175
20 73
933 565
544 654
621 277
507 377
64 262
672 377
19 908
211 911
128 465
355 600
40 75
61 53
154 133
55 182
130 585
924 689
490 16
162 109
11 776
247 677
13 109
33 862
556 432
119 148
558 734
767 272
56 440
796 571
245 36
596 245
822 72
42 85
108 277
500 559
483 456
328 257
613 154
262 351
445 154
424 374
519 145
62 3
421 6
59 173
89 26
207 172
113 193
16 336
874 681
187 478
275 264
692 810
357 224
905 853
139 29
470 402
22 35
196 778
416 382
168 84
746 888
921 407
561 505
224 521
297 206
891 377
121 187
56 341
19 57
75 84
836 739
260 290
125 644
287 29
221 414
304 80
904 629
101 115
10 347
635 364
362 20
894 8
107 100
11 626
717 249
662 286
9 7
513 786
184 185
750 44
916 748
789 214
24 260
666 616
667 322
93 21
369 235
415 367
94 700
821 392
589 332
447 563
474 309
399 102
44 42
477 534
216 217
94 26
70 5
861 813
11 20
241 196
166 101
546 548
518 149
451 415
475 416
304 433
968 465
489 215
32 112
38 123
306 211
456 642
211 29
938 109
2 65
129 237
423 572
799 826
665 560
685 451
219 93
316 703
93 300
547 308
55 126
527 244
365 34
612 804
